$coord
    1.49200853558538    0.08660582730318    0.80008536888064      c
    4.19678529341526    0.27335138050041    1.51542609238529      c
    5.44605776846386    2.78356466382438    1.54275809907130      c
    5.44638473318273   -1.90257919119755    2.76690888352287      c
    6.37047169033326   -1.27123119934817   -4.41284138312863      n
    5.75282164834206   -3.00633513332872   -4.92806988069686      h
    5.75600752486172   -0.01635813621048   -5.71871457731927      h
    8.28213484628067   -1.28744261864469   -4.46651169593956      h
    0.23810590967624    0.50822252930890    2.40268112037433      h
    1.03471982896258   -1.81279920107691    0.15347669396940      h
    1.03626862426513    1.42357260520828   -0.69654491601134      h
    5.08223792496293    3.80850513058441    3.31354813142118      h
    4.75440241410362    3.96270279074505    0.00450455673884      h
    7.48664517201418    2.58809583552948    1.36155939053835      h
    5.08494562991776   -1.92882671124112    4.81310923524121      h
    7.48673653472006   -1.82179121784287    2.51095518926408      h
    4.75302475030857   -3.68360935533159    2.00397251430117      h
$periodic 0
$end
