           1           2   1.0573135825170077     
           2           3   1.0573053302073490     
           2           4   1.0573125594592430     
           5           6  0.97946700722469426     
           5           7  0.97947519697013341     
           5           8  0.97947851297600130     
           1           9  0.94844259899226135     
           1          10  0.97747141232331569     
           1          11  0.97738458614706580     
           3          12  0.94845208148506810     
           3          13  0.97744437361890624     
           3          14  0.97741194076837468     
           4          15  0.94844460628239025     
           4          16  0.97736781672917705     
           4          17  0.97748718928176204     
