           1           2   1.0008197118194067     
           2           3   1.0222207318611443     
           3           4  0.95898176389917777     
           3           5  0.95898159136344896     
           3           6  0.15457809358280375     
           1           7  0.98444402287241395     
           1           8  0.98742505614502818     
           1           9  0.98742499612188928     
           2          10  0.97404446127604483     
           2          11  0.97404412162565679     
