$coord
    2.07289975679446   -0.68657426505319   -0.17361412724274      c
    0.78425993122030   -0.99260581271350    2.11553613080504      n
   -1.03432148440987   -0.41220971857653    2.02746758463152      h
    1.71110073764921   -0.29934372758694    3.64392420675311      h
    0.59592693615282    0.24446812712192   -2.19691628802982      n
    4.67714088675146   -0.15762695239285    0.05219223781366      n
   -0.21116422710937    1.98266355490442   -1.91057602011943      h
    1.55783773654447    0.24804591283818   -3.84812974780972      h
    5.14574956654764    1.24951345263012    1.29332995742231      h
    5.51287792984885    0.13854074435138   -1.63872877097189      h
$periodic 0
$end
