           1           2   1.0025871936874056     
           2           3   1.0298155221139231     
           1           4   1.0298156587251108     
           1           5  0.96717015546203688     
           1           6  0.97316917563277006     
           2           7  0.96717057358168190     
           2           8  0.97316966843251973     
           3           9  0.96594519484528063     
           3          10  0.96886347517872928     
           4          11  0.96594391613350816     
           4          12  0.96886439192935669     
