           1           2   1.0001522698783474     
           2           3   1.0238435518165083     
           1           4   1.0238443913520159     
           1           5  0.96976179563916676     
           1           6  0.97633471611703226     
           2           7  0.96976200358072617     
           2           8  0.97633544298844344     
           3           9  0.96578817187904420     
           3          10  0.96861930804644680     
           4          11  0.96578734397308241     
           4          12  0.96861937730909919     
