           1           2   1.0502466475102876     
           2           3   1.0508852525446599     
           2           4   1.0507310271036732     
           5           6  0.92417744064128149     
           5           7  0.98114512011211019     
           5           8  0.98115141416869667     
           1           9  0.94678295319565697     
           1          10  0.97897862785902057     
           1          11  0.97918446033727413     
           3          12  0.94626590288664880     
           3          13  0.97989695043781044     
           3          14  0.97693393164240638     
           4          15  0.94642364593197781     
           4          16  0.97689312531737726     
           4          17  0.98011865556781486     
