$coord
    1.54615545566456   -0.16393695331067   -0.00659293577198      c
    4.43499283961907   -0.07620732077752    0.12926843416551      c
    5.38315067821080    1.31677099473581    2.28082048482992      n
    4.90442787035237    3.16617115893232    2.24352376998785      h
    4.90498624874175    0.52561149698750    3.95298235047753      h
    9.12807095002955    1.57251742254518    2.67336875514385      h
    0.94758971101612   -1.23141596899925   -1.65547413038031      h
    0.77113211799020    1.73664421249343   -0.14384168853065      h
    0.77086816309974   -1.06692499976814    1.67127814496802      h
    5.18819895837200    0.81056126102361   -1.57620385740383      h
    5.18800378448485   -1.99530060333527    0.24043807531611      h
$periodic 0
$end
