           1           2   1.0009432232736739     
           2           3   1.0221221695565503     
           3           4  0.95899952594647442     
           3           5  0.95900150904670234     
           3           6  0.15498171815068884     
           1           7  0.98442184581092096     
           1           8  0.98741424375850240     
           1           9  0.98741520228069768     
           2          10  0.97405096654318535     
           2          11  0.97405584257955768     
