           1           2   1.0279833529573181     
           2           3   1.0964210434718045     
           3           4  0.95772404271739497     
           3           5  0.94645904982113715     
           2           6   1.0616742894261137     
           1           7  0.98160082140968019     
           1           8  0.95938237668379400     
           1           9  0.98275879843898006     
           6          10  0.95958220953937912     
           6          11  0.95810567263950674     
