$coord
    2.05542223030595   -0.26145247259567    0.09565788603776      c
    4.84790486007832   -0.64218333044245    0.21685243242028      c
    6.13400874637979   -0.88407693100507   -2.09825127107283      n
    7.96725210386678   -0.34795152838234   -1.97885424095042      h
    5.27638860162772    0.01044822016667   -3.56730810707227      h
    6.15356441840149    0.64754896328182    2.18991846571927      n
    1.23938182502642   -1.59513343509229   -1.23956549860463      h
    1.53714910322649    1.65670998780591   -0.51438213596782      h
    1.20730619828050   -0.57994057758067    1.94246100637998      h
    5.27378516613798    0.41086098390235    3.87233498819417      h
    7.97814948837745    0.08113723689673    2.32646587550147      h
$periodic 0
$end
