           1           2   1.0284765051789855     
           2           3   1.0968042761806167     
           3           4  0.95840745132213345     
           3           5  0.94543340203977122     
           2           6   1.0612251586611852     
           1           7  0.98175643538050084     
           1           8  0.95934171052346684     
           1           9  0.98252703886219017     
           6          10  0.95964233602857596     
           6          11  0.95808559868205856     
