$coord
    2.02438814607183    0.15698911698274   -0.11958110346029      c
    1.08992046688511    2.75009226423980    0.74146838005999      c
   -1.65146620093276    2.75275959120015    0.90147263541563      n
    4.76744219622625    0.07028259653397   -0.02462584833279      n
    1.24637361126200   -0.24546184069668   -2.01547487474995      h
    1.29154867225875   -1.27041906588629    1.17876947715267      h
    1.84723642697615    4.20412906659124   -0.55233262507105      h
    1.84344005754596    3.12831386750023    2.62546997373959      h
   -2.41750684456322    2.43802253807125   -0.82890822931293      h
   -2.28077818615496    4.45423948203154    1.51723778243127      h
    5.51437024422882    1.35536548207873   -1.23737854101112      h
    5.39735682342505   -1.66137216312769   -0.54885846438903      h
$periodic 0
$end
