           1           2   1.0006017447480344     
           2           3   1.0256124439632142     
           1           4   1.0256108629115621     
           1           5  0.96843083704356847     
           1           6  0.97483856876846098     
           2           7  0.96843078411412131     
           2           8  0.97483748265997883     
           3           9  0.96840362551351267     
           3          10  0.96760501786598008     
           4          11  0.96840440283806495     
           4          12  0.96760587862812741     
