           1           2   1.0005532453190320     
           2           3   1.0255409243436775     
           1           4   1.0255406962993547     
           1           5  0.96855904723897956     
           1           6  0.97483344542150174     
           2           7  0.96855909557672115     
           2           8  0.97483343567981617     
           3           9  0.96847854637809172     
           3          10  0.96762767548495876     
           4          11  0.96847836791410158     
           4          12  0.96762762722742646     
